252761085,
2137059569,
860612185,
7966339892,
7853245920,
7272145373,
266330482,
682927707,
111828270,
5091709049,
1312942760,
1242014868,
1107611500,
1681858263,
1792104429,
482794713,
5229599683,
8155430992,
859060057,
638210905,
830147842,
462434589,
883986371,
7626895057,
954123900,
653700121,
427751395,
7472854635,
8045336958,
1339326838,
1484409171,
7938024634,
8125101807,
1317101411,
579507778,
5080680632,
6289061473,
7035442041,
306680158,
922261786,
476064563,
6914948840,
8136805567,
7002425215,
1034603256,
523073412,
230235429,
190643896,
7177846194,
430537576,
108141277,
939673615,
1869433411,
7632025355,
7857775712,
6891133155,
7508321279,
329485809,
765555488,
7400344839,
5995948586,
8064265087
